DYNA>        0      6.00000    702.55534   4115.30195  -3412.74661    732.15985
DYNA>       50      6.02500    636.48350   3972.83606  -3336.35256    706.81352
DYNA>      100      6.05000    585.29677   4139.67687  -3554.38010    736.49643
DYNA>      150      6.07500    566.08351   4137.85520  -3571.77169    736.17234
DYNA>      200      6.10000    554.35060   4105.23871  -3550.88811    730.36949
DYNA>      250      6.12500    518.78154   4080.75941  -3561.97788    726.01434
DYNA>      300      6.15000    446.56870   4001.63439  -3555.06569    711.93708
DYNA>      350      6.17500    428.38148   3953.15369  -3524.77221    703.31180
DYNA>      400      6.20000    364.62066   3983.79615  -3619.17549    708.76345
DYNA>      450      6.22500    353.56063   3989.16355  -3635.60292    709.71837
DYNA>      500      6.25000    283.82378   3983.70242  -3699.87864    708.74677
DYNA>      550      6.27500    247.21271   3938.64264  -3691.42993    700.73012
DYNA>      600      6.30000    252.52425   4113.46651  -3860.94226    731.83331
DYNA>      650      6.32500    219.92407   3959.91476  -3739.99068    704.51467
DYNA>      700      6.35000    210.35366   3908.56878  -3698.21512    695.37963
DYNA>      750      6.37500    179.00727   3920.80261  -3741.79534    697.55617
DYNA>      800      6.40000    171.59634   4018.33937  -3846.74303    714.90909
DYNA>      850      6.42500    115.61890   3874.67219  -3759.05330    689.34903
DYNA>      900      6.45000     96.06425   4093.48296  -3997.41870    728.27800
DYNA>      950      6.47500     55.74628   3949.38166  -3893.63538    702.64071
DYNA>     1000      6.50000     78.09804   4089.91243  -4011.81439    727.64276
DYNA>     1050      6.52500     27.68433   3900.42144  -3872.73711    693.93012
DYNA>     1100      6.55000    -13.10889   3806.70100  -3819.80989    677.25617
DYNA>     1150      6.57500    -32.88421   3768.42360  -3801.30780    670.44618
DYNA>     1200      6.60000    -68.47215   3812.71432  -3881.18647    678.32601
DYNA>     1250      6.62500    -61.48711   3862.86470  -3924.35181    687.24834
DYNA>     1300      6.65000    -82.13226   3774.03199  -3856.16425    671.44398
DYNA>     1350      6.67500   -143.11932   3932.39631  -4075.51563    699.61882
DYNA>     1400      6.70000   -175.66010   3830.97221  -4006.63231    681.57430
DYNA>     1450      6.72500   -153.99290   3834.53989  -3988.53279    682.20903
DYNA>     1500      6.75000   -212.41902   3836.97975  -4049.39877    682.64311
DYNA>     1550      6.77500   -256.80057   3808.12402  -4064.92459    677.50934
DYNA>     1600      6.80000   -239.93950   3706.98830  -3946.92780    659.51613
DYNA>     1650      6.82500   -271.39015   3751.05649  -4022.44664    667.35637
DYNA>     1700      6.85000   -322.73606   3720.43455  -4043.17062    661.90837
DYNA>     1750      6.87500   -291.76149   3738.96609  -4030.72758    665.20535
DYNA>     1800      6.90000   -356.81807   3716.84838  -4073.66645    661.27035
DYNA>     1850      6.92500   -387.34570   3600.21464  -3987.56035    640.51986
DYNA>     1900      6.95000   -374.85478   3708.10080  -4082.95558    659.71406
DYNA>     1950      6.97500   -421.53046   3777.30952  -4198.83999    672.02709
DYNA>     2000      7.00000   -409.56906   3702.29294  -4111.86200    658.68077
DYNA>     2050      7.02500   -478.45839   3674.44894  -4152.90733    653.72700
DYNA>     2100      7.05000   -527.76819   3643.19975  -4170.96794    648.16741
DYNA>     2150      7.07500   -506.70979   3581.54815  -4088.25794    637.19887
DYNA>     2200      7.10000   -538.26147   3457.08462  -3995.34608    615.05537
DYNA>     2250      7.12500   -548.69258   3587.55305  -4136.24563    638.26721
DYNA>     2300      7.15000   -550.38669   3675.56977  -4225.95645    653.92641
DYNA>     2350      7.17500   -565.50370   3598.07187  -4163.57556    640.13863
DYNA>     2400      7.20000   -551.83476   3656.29088  -4208.12564    650.49647
DYNA>     2450      7.22500   -596.19647   3594.39563  -4190.59209    639.48459
DYNA>     2500      7.25000   -632.82612   3557.89246  -4190.71858    632.99025
DYNA>     2550      7.27500   -658.08024   3575.84921  -4233.92945    636.18497
DYNA>     2600      7.30000   -670.89421   3563.76862  -4234.66283    634.03569
DYNA>     2650      7.32500   -729.22164   3464.20660  -4193.42825    616.32245
DYNA>     2700      7.35000   -716.88933   3571.35447  -4288.24379    635.38530
DYNA>     2750      7.37500   -753.69776   3544.46888  -4298.16664    630.60204
DYNA>     2800      7.40000   -734.68103   3616.91729  -4351.59832    643.49145
DYNA>     2850      7.42500   -774.35614   3527.62545  -4301.98159    627.60540
DYNA>     2900      7.45000   -783.60266   3473.29664  -4256.89930    617.93968
DYNA>     2950      7.47500   -804.40027   3493.91230  -4298.31256    621.60744
DYNA>     3000      7.50000   -846.98819   3476.34702  -4323.33521    618.48237
DYNA>     3050      7.52500   -833.34218   3494.56945  -4327.91163    621.72436
DYNA>     3100      7.55000   -848.71466   3483.47517  -4332.18983    619.75055
DYNA>     3150      7.57500   -877.93312   3460.83779  -4338.77091    615.72310
DYNA>     3200      7.60000   -886.80247   3534.17002  -4420.97250    628.76976
DYNA>     3250      7.62500   -919.49008   3506.80972  -4426.29980    623.90204
DYNA>     3300      7.65000   -910.57141   3480.17683  -4390.74824    619.16374
DYNA>     3350      7.67500   -945.60314   3441.78195  -4387.38509    612.33285
DYNA>     3400      7.70000   -999.83555   3373.41115  -4373.24671    600.16889
DYNA>     3450      7.72500   -973.97353   3476.33433  -4450.30786    618.48012
DYNA>     3500      7.75000  -1027.67000   3384.06119  -4411.73119    602.06366
DYNA>     3550      7.77500  -1018.71918   3323.08083  -4341.80001    591.21455
DYNA>     3600      7.80000  -1039.58723   3430.12015  -4469.70738    610.25808
DYNA>     3650      7.82500  -1043.39992   3354.42575  -4397.82567    596.79117
DYNA>     3700      7.85000  -1100.25666   3280.26796  -4380.52462    583.59764
DYNA>     3750      7.87500  -1101.70086   3389.50754  -4491.20841    603.03263
DYNA>     3800      7.90000  -1137.12706   3391.75833  -4528.88539    603.43307
DYNA>     3850      7.92500  -1132.12975   3360.30967  -4492.43942    597.83799
DYNA>     3900      7.95000  -1129.39936   3331.94972  -4461.34908    592.79242
DYNA>     3950      7.97500  -1136.86423   3342.16654  -4479.03077    594.61011
DYNA>     4000      8.00000  -1185.62282   3299.83226  -4485.45507    587.07836
DYNA>     4050      8.02500  -1197.48394   3378.36919  -4575.85314    601.05099
DYNA>     4100      8.05000  -1177.84888   3392.72997  -4570.57885    603.60593
DYNA>     4150      8.07500  -1240.54730   3281.70208  -4522.24938    583.85279
DYNA>     4200      8.10000  -1267.92488   3307.42440  -4575.34927    588.42908
DYNA>     4250      8.12500  -1263.51915   3303.78056  -4567.29970    587.78080
DYNA>     4300      8.15000  -1275.47663   3183.76088  -4459.23751    566.42791
DYNA>     4350      8.17500  -1261.26469   3321.65591  -4582.92061    590.96104
DYNA>     4400      8.20000  -1307.30989   3284.73705  -4592.04694    584.39274
DYNA>     4450      8.22500  -1330.80113   3304.93232  -4635.73345    587.98572
DYNA>     4500      8.25000  -1393.19693   3177.52242  -4570.71935    565.31802
DYNA>     4550      8.27500  -1354.80624   3278.00259  -4632.80884    583.19461
DYNA>     4600      8.30000  -1381.30294   3230.75907  -4612.06201    574.78944
DYNA>     4650      8.32500  -1426.76479   3228.53377  -4655.29856    574.39353
DYNA>     4700      8.35000  -1426.87961   3227.61575  -4654.49537    574.23020
DYNA>     4750      8.37500  -1409.66132   3278.29688  -4687.95820    583.24696
DYNA>     4800      8.40000  -1457.67596   3254.74275  -4712.41870    579.05641
DYNA>     4850      8.42500  -1479.01026   3177.22547  -4656.23574    565.26519
DYNA>     4900      8.45000  -1471.45992   3190.59029  -4662.05021    567.64295
DYNA>     4950      8.47500  -1485.10948   3121.77180  -4606.88128    555.39934
DYNA>     5000      8.50000  -1521.13624   3143.75511  -4664.89135    559.31042
DYNA>     5050      8.52500  -1574.66266   3095.30320  -4669.96586    550.69027
DYNA>     5100      8.55000  -1622.56864   3211.67493  -4834.24357    571.39415
DYNA>     5150      8.57500  -1644.89294   3155.01984  -4799.91278    561.31455
DYNA>     5200      8.60000  -1601.52530   3157.99551  -4759.52081    561.84396
DYNA>     5250      8.62500  -1627.31131   3138.70815  -4766.01946    558.41251
DYNA>     5300      8.65000  -1595.33656   3064.74550  -4660.08206    545.25370
DYNA>     5350      8.67500  -1612.59614   3183.01156  -4795.60770    566.29460
DYNA>     5400      8.70000  -1627.02240   3097.04178  -4724.06418    550.99958
DYNA>     5450      8.72500  -1663.48553   3139.63566  -4803.12119    558.57753
DYNA>     5500      8.75000  -1654.82859   3080.66244  -4735.49103    548.08551
DYNA>     5550      8.77500  -1646.83707   3119.66484  -4766.50191    555.02449
DYNA>     5600      8.80000  -1688.45886   3117.53890  -4805.99776    554.64626
DYNA>     5650      8.82500  -1721.19234   3134.99545  -4856.18779    557.75198
DYNA>     5700      8.85000  -1746.46285   3070.93024  -4817.39309    546.35404
DYNA>     5750      8.87500  -1763.34437   3107.23414  -4870.57851    552.81292
DYNA>     5800      8.90000  -1763.64865   3060.14715  -4823.79581    544.43560
DYNA>     5850      8.92500  -1783.58819   2975.02133  -4758.60952    529.29073
DYNA>     5900      8.95000  -1795.35727   3095.21222  -4890.56948    550.67408
DYNA>     5950      8.97500  -1785.26892   3087.63775  -4872.90668    549.32650
DYNA>     6000      9.00000  -1830.59432   3018.42303  -4849.01735    537.01240
DYNA>     6050      9.02500  -1846.12234   3081.09115  -4927.21350    548.16178
DYNA>     6100      9.05000  -1816.10518   2965.75221  -4781.85739    527.64165
DYNA>     6150      9.07500  -1870.57704   3082.04419  -4952.62123    548.33134
DYNA>     6200      9.10000  -1867.94263   2970.87273  -4838.81536    528.55265
DYNA>     6250      9.12500  -1896.91083   2993.48149  -4890.39232    532.57501
DYNA>     6300      9.15000  -1918.75552   3049.11855  -4967.87408    542.47349
DYNA>     6350      9.17500  -1909.60465   2943.42396  -4853.02860    523.66919
DYNA>     6400      9.20000  -1936.36898   2972.00933  -4908.37831    528.75486
DYNA>     6450      9.22500  -1931.70247   3012.75348  -4944.45595    536.00372
DYNA>     6500      9.25000  -1966.05058   3037.39497  -5003.44555    540.38772
DYNA>     6550      9.27500  -1967.65552   2987.01484  -4954.67036    531.42452
DYNA>     6600      9.30000  -1968.31060   2958.73028  -4927.04088    526.39237
DYNA>     6650      9.32500  -1923.88137   2979.93469  -4903.81606    530.16488
DYNA>     6700      9.35000  -1958.78804   2947.14646  -4905.93450    524.33147
DYNA>     6750      9.37500  -1935.62091   3065.97581  -5001.59672    545.47259
DYNA>     6800      9.40000  -1971.74314   2936.22772  -4907.97085    522.38890
DYNA>     6850      9.42500  -1995.30027   2945.21855  -4940.51881    523.98847
DYNA>     6900      9.45000  -2035.09792   2920.81133  -4955.90925    519.64615
DYNA>     6950      9.47500  -2001.32308   3043.33970  -5044.66279    541.44536
DYNA>     7000      9.50000  -2074.79152   2899.34645  -4974.13797    515.82729
DYNA>     7050      9.52500  -2068.58232   2950.70180  -5019.28412    524.96401
DYNA>     7100      9.55000  -2060.67786   2858.85342  -4919.53129    508.62312
DYNA>     7150      9.57500  -2104.81583   2866.81393  -4971.62976    510.03938
DYNA>     7200      9.60000  -2092.05159   2921.38881  -5013.44040    519.74889
DYNA>     7250      9.62500  -2120.94410   2892.10512  -5013.04922    514.53898
DYNA>     7300      9.65000  -2166.89376   2866.29258  -5033.18634    509.94663
DYNA>     7350      9.67500  -2146.29708   2936.76419  -5083.06127    522.48434
DYNA>     7400      9.70000  -2182.29283   2833.66201  -5015.95483    504.14127
DYNA>     7450      9.72500  -2130.82536   2945.50683  -5076.33219    524.03976
DYNA>     7500      9.75000  -2183.97278   2826.79230  -5010.76508    502.91907
DYNA>     7550      9.77500  -2210.94301   2890.30995  -5101.25296    514.21960
DYNA>     7600      9.80000  -2212.55676   2912.37856  -5124.93532    518.14586
DYNA>     7650      9.82500  -2239.78721   2926.83079  -5166.61800    520.71708
DYNA>     7700      9.85000  -2249.36637   2852.18673  -5101.55310    507.43703
DYNA>     7750      9.87500  -2258.77001   2844.23062  -5103.00064    506.02155
DYNA>     7800      9.90000  -2326.15048   2890.39148  -5216.54196    514.23410
DYNA>     7850      9.92500  -2307.52414   2864.39352  -5171.91766    509.60876
DYNA>     7900      9.95000  -2289.00735   2863.44317  -5152.45052    509.43969
DYNA>     7950      9.97500  -2301.84176   2794.45135  -5096.29311    497.16524
DYNA>     8000     10.00000  -2292.99842   2783.40247  -5076.40089    495.19952
DYNA>     8050     10.02500  -2351.09764   2758.18836  -5109.28601    490.71364
DYNA>     8100     10.05000  -2312.17289   2793.86198  -5106.03487    497.06039
DYNA>     8150     10.07500  -2354.87679   2858.21544  -5213.09223    508.50961
DYNA>     8200     10.10000  -2363.86565   2717.10338  -5080.96903    483.40414
DYNA>     8250     10.12500  -2375.48615   2793.20944  -5168.69559    496.94429
DYNA>     8300     10.15000  -2345.39063   2843.23172  -5188.62234    505.84383
DYNA>     8350     10.17500  -2352.18886   2775.17005  -5127.35890    493.73487
DYNA>     8400     10.20000  -2417.09113   2858.17523  -5275.26636    508.50246
DYNA>     8450     10.22500  -2417.50958   2808.97795  -5226.48753    499.74969
DYNA>     8500     10.25000  -2419.99139   2741.68088  -5161.67227    487.77676
DYNA>     8550     10.27500  -2408.59576   2832.07571  -5240.67147    503.85905
DYNA>     8600     10.30000  -2406.54504   2759.52091  -5166.06595    490.95071
DYNA>     8650     10.32500  -2443.08414   2765.59922  -5208.68336    492.03211
DYNA>     8700     10.35000  -2437.99197   2774.18482  -5212.17679    493.55959
DYNA>     8750     10.37500  -2424.99130   2802.34530  -5227.33660    498.56967
DYNA>     8800     10.40000  -2480.31457   2683.76529  -5164.07986    477.47291
DYNA>     8850     10.42500  -2463.91429   2801.38859  -5265.30287    498.39946
DYNA>     8900     10.45000  -2512.86524   2737.67046  -5250.53571    487.06326
DYNA>     8950     10.47500  -2471.94275   2745.02987  -5216.97262    488.37259
DYNA>     9000     10.50000  -2471.21851   2739.08813  -5210.30664    487.31548
DYNA>     9050     10.52500  -2487.93507   2744.24829  -5232.18336    488.23354
DYNA>     9100     10.55000  -2503.44399   2722.77734  -5226.22133    484.41361
DYNA>     9150     10.57500  -2535.20111   2743.73684  -5278.93794    488.14254
DYNA>     9200     10.60000  -2535.77271   2748.79127  -5284.56397    489.04178
DYNA>     9250     10.62500  -2533.38424   2700.49402  -5233.87826    480.44915
DYNA>     9300     10.65000  -2589.45713   2646.25646  -5235.71359    470.79966
DYNA>     9350     10.67500  -2575.49075   2600.06924  -5175.55999    462.58241
DYNA>     9400     10.70000  -2596.13990   2739.82890  -5335.96880    487.44728
DYNA>     9450     10.72500  -2619.20960   2642.05010  -5261.25971    470.05130
DYNA>     9500     10.75000  -2638.80909   2647.67347  -5286.48256    471.05176
DYNA>     9550     10.77500  -2636.88969   2641.78154  -5278.67123    470.00352
DYNA>     9600     10.80000  -2642.96741   2664.01644  -5306.98386    473.95936
DYNA>     9650     10.82500  -2625.40162   2749.49714  -5374.89877    489.16737
DYNA>     9700     10.85000  -2651.69020   2603.52778  -5255.21798    463.19773
DYNA>     9750     10.87500  -2685.05808   2719.97428  -5405.03236    483.91491
DYNA>     9800     10.90000  -2737.85952   2661.06884  -5398.92836    473.43495
DYNA>     9850     10.92500  -2693.22959   2716.67943  -5409.90903    483.32872
DYNA>     9900     10.95000  -2743.48836   2625.26076  -5368.74912    467.06428
DYNA>     9950     10.97500  -2719.64718   2630.89669  -5350.54387    468.06697
DYNA>    10000     11.00000  -2761.30460   2566.22139  -5327.52599    456.56049
DYNA>    10050     11.02500  -2827.70250   2571.55796  -5399.26046    457.50993
DYNA>    10100     11.05000  -2809.25623   2568.77791  -5378.03414    457.01532
DYNA>    10150     11.07500  -2796.80854   2598.50059  -5395.30913    462.30333
DYNA>    10200     11.10000  -2809.29314   2594.19756  -5403.49070    461.53777
DYNA>    10250     11.12500  -2855.83929   2622.56509  -5478.40438    466.58469
DYNA>    10300     11.15000  -2857.31529   2537.37556  -5394.69085    451.42848
DYNA>    10350     11.17500  -2857.19512   2560.62000  -5417.81512    455.56394
DYNA>    10400     11.20000  -2901.15682   2550.41222  -5451.56904    453.74786
DYNA>    10450     11.22500  -2928.18605   2538.93340  -5467.11945    451.70564
DYNA>    10500     11.25000  -2940.16715   2534.60548  -5474.77263    450.93565
DYNA>    10550     11.27500  -2922.60573   2527.28260  -5449.88834    449.63283
DYNA>    10600     11.30000  -2915.01581   2581.73626  -5496.75207    459.32077
DYNA>    10650     11.32500  -2946.18089   2486.52894  -5432.70983    442.38228
DYNA>    10700     11.35000  -2952.19236   2585.17345  -5537.36581    459.93228
DYNA>    10750     11.37500  -2940.66331   2582.90152  -5523.56484    459.52808
DYNA>    10800     11.40000  -3000.49593   2474.72587  -5475.22181    440.28238
DYNA>    10850     11.42500  -2927.40995   2525.00049  -5452.41044    449.22682
DYNA>    10900     11.45000  -3004.47793   2477.86896  -5482.34690    440.84157
DYNA>    10950     11.47500  -2987.58460   2507.12158  -5494.70618    446.04595
DYNA>    11000     11.50000  -2952.75124   2551.06241  -5503.81365    453.86353
DYNA>    11050     11.52500  -2988.85558   2495.15049  -5484.00607    443.91615
DYNA>    11100     11.55000  -2973.44293   2545.87062  -5519.31355    452.93985
DYNA>    11150     11.57500  -3022.98180   2420.00695  -5442.98876    430.54725
DYNA>    11200     11.60000  -3023.78829   2484.33726  -5508.12555    441.99236
DYNA>    11250     11.62500  -3006.84241   2425.69608  -5432.53850    431.55941
DYNA>    11300     11.65000  -3000.84284   2522.59078  -5523.43362    448.79810
DYNA>    11350     11.67500  -3041.72393   2496.97192  -5538.69586    444.24021
DYNA>    11400     11.70000  -3036.39190   2498.36904  -5534.76093    444.48877
DYNA>    11450     11.72500  -3069.61757   2483.24481  -5552.86237    441.79800
DYNA>    11500     11.75000  -3062.20563   2538.16483  -5600.37046    451.56890
DYNA>    11550     11.77500  -3035.08490   2410.84037  -5445.92527    428.91641
DYNA>    11600     11.80000  -3020.55283   2484.40790  -5504.96073    442.00492
DYNA>    11650     11.82500  -3046.12335   2470.65218  -5516.77554    439.55762
DYNA>    11700     11.85000  -3018.79048   2457.34859  -5476.13908    437.19076
DYNA>    11750     11.87500  -3026.43551   2483.05318  -5509.48869    441.76390
DYNA>    11800     11.90000  -3025.62994   2477.58289  -5503.21283    440.79068
DYNA>    11850     11.92500  -3055.86461   2526.59292  -5582.45754    449.51013
DYNA>    11900     11.95000  -3091.54339   2428.29948  -5519.84287    432.02259
DYNA>    11950     11.97500  -3081.02626   2445.69828  -5526.72455    435.11803
DYNA>    12000     12.00000  -3101.68954   2420.22665  -5521.91619    430.58634
DYNA>    12050     12.02500  -3106.45094   2471.76514  -5578.21608    439.75563
DYNA>    12100     12.05000  -3145.27025   2409.06359  -5554.33385    428.60030
DYNA>    12150     12.07500  -3139.16553   2481.34456  -5620.51009    441.45992
DYNA>    12200     12.10000  -3142.75992   2469.94605  -5612.70598    439.43199
DYNA>    12250     12.12500  -3087.36067   2464.23638  -5551.59706    438.41618
DYNA>    12300     12.15000  -3099.21034   2432.42930  -5531.63964    432.75733
DYNA>    12350     12.17500  -3120.57928   2420.58298  -5541.16226    430.64973
DYNA>    12400     12.20000  -3137.22425   2436.14907  -5573.37332    433.41912
DYNA>    12450     12.22500  -3125.27670   2396.53538  -5521.81208    426.37138
DYNA>    12500     12.25000  -3161.71949   2438.77230  -5600.49178    433.88582
DYNA>    12550     12.27500  -3181.94425   2418.21520  -5600.15945    430.22848
DYNA>    12600     12.30000  -3178.55614   2430.15480  -5608.71095    432.35267
DYNA>    12650     12.32500  -3196.62353   2401.97588  -5598.59941    427.33931
DYNA>    12700     12.35000  -3191.97288   2414.73993  -5606.71281    429.61018
DYNA>    12750     12.37500  -3196.76974   2393.00390  -5589.77365    425.74309
DYNA>    12800     12.40000  -3216.29701   2429.00464  -5645.30165    432.14804
DYNA>    12850     12.42500  -3221.35446   2446.22120  -5667.57566    435.21107
DYNA>    12900     12.45000  -3236.91815   2427.81867  -5664.73683    431.93705
DYNA>    12950     12.47500  -3227.59969   2371.23292  -5598.83260    421.86978
DYNA>    13000     12.50000  -3200.46290   2470.41134  -5670.87424    439.51477
DYNA>    13050     12.52500  -3226.46794   2438.46015  -5664.92809    433.83029
DYNA>    13100     12.55000  -3253.75897   2394.13281  -5647.89178    425.94394
DYNA>    13150     12.57500  -3214.73667   2435.97946  -5650.71613    433.38894
DYNA>    13200     12.60000  -3229.52702   2318.13805  -5547.66507    412.42359
DYNA>    13250     12.62500  -3191.55631   2421.88960  -5613.44591    430.88219
DYNA>    13300     12.65000  -3220.82378   2411.99677  -5632.82054    429.12214
DYNA>    13350     12.67500  -3219.34243   2353.54645  -5572.88889    418.72316
DYNA>    13400     12.70000  -3234.14475   2345.03402  -5579.17877    417.20870
DYNA>    13450     12.72500  -3223.15499   2379.56429  -5602.71929    423.35203
DYNA>    13500     12.75000  -3201.18006   2374.55253  -5575.73259    422.46038
DYNA>    13550     12.77500  -3235.54126   2358.21188  -5593.75314    419.55319
DYNA>    13600     12.80000  -3233.79581   2353.65066  -5587.44647    418.74170
DYNA>    13650     12.82500  -3244.31227   2321.36630  -5565.67857    412.99794
DYNA>    13700     12.85000  -3250.56201   2323.98852  -5574.55053    413.46446
DYNA>    13750     12.87500  -3271.14103   2283.38604  -5554.52707    406.24081
DYNA>    13800     12.90000  -3258.92539   2316.90368  -5575.82907    412.20398
DYNA>    13850     12.92500  -3267.06530   2303.76023  -5570.82553    409.86561
DYNA>    13900     12.95000  -3256.10746   2404.15534  -5660.26280    427.72706
DYNA>    13950     12.97500  -3267.46213   2316.32984  -5583.79198    412.10189
DYNA>    14000     13.00000  -3278.33545   2328.84719  -5607.18264    414.32887
DYNA>    14050     13.02500  -3307.26102   2305.69365  -5612.95467    410.20959
DYNA>    14100     13.05000  -3308.39462   2222.35411  -5530.74873    395.38252
DYNA>    14150     13.07500  -3337.00469   2339.86952  -5676.87420    416.28987
DYNA>    14200     13.10000  -3339.97868   2240.32132  -5580.30000    398.57909
DYNA>    14250     13.12500  -3365.26983   2319.48766  -5684.75750    412.66370
DYNA>    14300     13.15000  -3376.10728   2279.20745  -5655.31473    405.49739
DYNA>    14350     13.17500  -3355.36630   2340.24399  -5695.61029    416.35650
DYNA>    14400     13.20000  -3419.22598   2305.93491  -5725.16090    410.25251
DYNA>    14450     13.22500  -3347.77000   2315.08878  -5662.85878    411.88109
DYNA>    14500     13.25000  -3353.50103   2316.54746  -5670.04849    412.14061
DYNA>    14550     13.27500  -3377.07170   2266.87139  -5643.94309    403.30266
DYNA>    14600     13.30000  -3337.43268   2316.47459  -5653.90727    412.12764
DYNA>    14650     13.32500  -3377.26739   2219.85489  -5597.12228    394.93788
DYNA>    14700     13.35000  -3367.28483   2317.63781  -5684.92264    412.33459
DYNA>    14750     13.37500  -3373.60843   2284.36190  -5657.97033    406.41443
DYNA>    14800     13.40000  -3373.60992   2324.23891  -5697.84884    413.50901
DYNA>    14850     13.42500  -3446.45131   2231.72257  -5678.17387    397.04928
DYNA>    14900     13.45000  -3421.82278   2325.79040  -5747.61318    413.78503
DYNA>    14950     13.47500  -3425.19341   2280.42755  -5705.62096    405.71446
DYNA>    15000     13.50000  -3488.10383   2224.91386  -5713.01769    395.83793
DYNA>    15050     13.52500  -3403.29829   2343.71137  -5747.00965    416.97338
DYNA>    15100     13.55000  -3432.16876   2275.86682  -5708.03559    404.90305
DYNA>    15150     13.57500  -3431.21793   2279.11868  -5710.33661    405.48159
DYNA>    15200     13.60000  -3481.62187   2231.67026  -5713.29213    397.03997
DYNA>    15250     13.62500  -3508.71784   2219.76538  -5728.48322    394.92196
DYNA>    15300     13.65000  -3488.98563   2252.62662  -5741.61225    400.76835
DYNA>    15350     13.67500  -3476.87288   2282.01579  -5758.88867    405.99702
DYNA>    15400     13.70000  -3463.09008   2202.73780  -5665.82789    391.89255
DYNA>    15450     13.72500  -3487.33348   2188.97858  -5676.31206    389.44463
DYNA>    15500     13.75000  -3482.37322   2294.88331  -5777.25652    408.28630
DYNA>    15550     13.77500  -3534.36877   2218.19711  -5752.56588    394.64294
DYNA>    15600     13.80000  -3519.83809   2188.42392  -5708.26200    389.34595
DYNA>    15650     13.82500  -3525.72691   2265.62521  -5791.35211    403.08095
DYNA>    15700     13.85000  -3560.88435   2226.75837  -5787.64272    396.16609
DYNA>    15750     13.87500  -3513.07142   2326.82237  -5839.89379    413.96863
DYNA>    15800     13.90000  -3549.29471   2226.37963  -5775.67435    396.09871
DYNA>    15850     13.92500  -3543.24742   2262.52188  -5805.76930    402.52883
DYNA>    15900     13.95000  -3554.78061   2206.39399  -5761.17460    392.54303
DYNA>    15950     13.97500  -3538.16723   2288.51526  -5826.68249    407.15336
DYNA>    16000     14.00000  -3572.04893   2213.81636  -5785.86529    393.86356
DYNA>    16050     14.02500  -3583.43829   2208.79884  -5792.23713    392.97088
DYNA>    16100     14.05000  -3586.07580   2213.08861  -5799.16441    393.73408
DYNA>    16150     14.07500  -3555.14736   2237.99858  -5793.14594    398.16585
DYNA>    16200     14.10000  -3578.72644   2224.55825  -5803.28468    395.77466
DYNA>    16250     14.12500  -3583.42048   2187.58410  -5771.00457    389.19653
DYNA>    16300     14.15000  -3585.10171   2163.26116  -5748.36286    384.86920
DYNA>    16350     14.17500  -3568.37719   2210.32883  -5778.70602    393.24308
DYNA>    16400     14.20000  -3569.86465   2276.30570  -5846.17035    404.98113
DYNA>    16450     14.22500  -3603.15283   2173.78354  -5776.93637    386.74125
DYNA>    16500     14.25000  -3576.63833   2259.64145  -5836.27978    402.01637
DYNA>    16550     14.27500  -3590.35375   2184.35992  -5774.71367    388.62292
DYNA>    16600     14.30000  -3604.28528   2147.98872  -5752.27400    382.15206
DYNA>    16650     14.32500  -3614.71153   2165.09779  -5779.80933    385.19596
DYNA>    16700     14.35000  -3619.85735   2113.63768  -5733.49503    376.04061
DYNA>    16750     14.37500  -3600.78060   2161.71961  -5762.50021    384.59494
DYNA>    16800     14.40000  -3614.89408   2180.26827  -5795.16235    387.89496
DYNA>    16850     14.42500  -3622.35864   2165.05823  -5787.41687    385.18892
DYNA>    16900     14.45000  -3583.18520   2196.85239  -5780.03759    390.84547
DYNA>    16950     14.47500  -3630.87720   2121.49387  -5752.37107    377.43832
DYNA>    17000     14.50000  -3655.68384   2118.01193  -5773.69577    376.81884
DYNA>    17050     14.52500  -3655.24996   2167.50021  -5822.75017    385.62338
DYNA>    17100     14.55000  -3670.67691   2121.48918  -5792.16609    377.43748
DYNA>    17150     14.57500  -3693.72027   2090.37092  -5784.09119    371.90118
DYNA>    17200     14.60000  -3730.49417   2088.01651  -5818.51069    371.48231
DYNA>    17250     14.62500  -3720.65195   2155.99606  -5876.64801    383.57666
DYNA>    17300     14.65000  -3686.84559   2161.00404  -5847.84962    384.46763
DYNA>    17350     14.67500  -3718.20878   2179.08317  -5897.29195    387.68412
DYNA>    17400     14.70000  -3736.39728   2167.31591  -5903.71320    385.59059
DYNA>    17450     14.72500  -3667.23634   2202.18406  -5869.42040    391.79403
DYNA>    17500     14.75000  -3728.86993   2167.96692  -5896.83685    385.70641
DYNA>    17550     14.77500  -3701.93792   2165.01925  -5866.95717    385.18199
DYNA>    17600     14.80000  -3701.89520   2122.05638  -5823.95158    377.53839
DYNA>    17650     14.82500  -3704.87960   2103.83329  -5808.71289    374.29630
DYNA>    17700     14.85000  -3696.80706   2168.58485  -5865.39191    385.81635
DYNA>    17750     14.87500  -3742.17021   2132.44109  -5874.61130    379.38595
DYNA>    17800     14.90000  -3736.40410   2092.89329  -5829.29739    372.34994
DYNA>    17850     14.92500  -3766.37899   2076.52186  -5842.90085    369.43727
DYNA>    17900     14.95000  -3726.30093   2143.00532  -5869.30625    381.26545
DYNA>    17950     14.97500  -3724.41685   2090.20332  -5814.62018    371.87137
DYNA>    18000     15.00000  -3738.09732   2118.16495  -5856.26226    376.84606
DYNA>    18050     15.02500  -3709.59838   2185.10839  -5894.70678    388.75608
DYNA>    18100     15.05000  -3744.12266   2090.12788  -5834.25053    371.85794
DYNA>    18150     15.07500  -3744.84999   2117.46972  -5862.31971    376.72237
DYNA>    18200     15.10000  -3729.38704   2119.11457  -5848.50161    377.01501
DYNA>    18250     15.12500  -3772.37338   2203.48401  -5975.85739    392.02531
DYNA>    18300     15.15000  -3757.79085   2205.10217  -5962.89302    392.31320
DYNA>    18350     15.17500  -3797.06118   2114.29646  -5911.35763    376.15781
DYNA>    18400     15.20000  -3806.04409   2032.37737  -5838.42146    361.58346
DYNA>    18450     15.22500  -3803.50938   2126.09197  -5929.60135    378.25637
DYNA>    18500     15.25000  -3852.82284   2061.33887  -5914.16171    366.73605
DYNA>    18550     15.27500  -3796.27519   2119.00108  -5915.27627    376.99482
DYNA>    18600     15.30000  -3776.35553   2207.42843  -5983.78396    392.72707
DYNA>    18650     15.32500  -3829.09210   2112.86242  -5941.95452    375.90268
DYNA>    18700     15.35000  -3833.83478   2119.58977  -5953.42454    377.09955
DYNA>    18750     15.37500  -3807.56540   2180.49540  -5988.06080    387.93537
DYNA>    18800     15.40000  -3827.10874   2161.01381  -5988.12256    384.46937
DYNA>    18850     15.42500  -3820.69541   2114.36781  -5935.06322    376.17051
DYNA>    18900     15.45000  -3830.94747   2060.21013  -5891.15760    366.53523
DYNA>    18950     15.47500  -3860.76342   2103.20979  -5963.97321    374.18537
DYNA>    19000     15.50000  -3865.62105   2087.23865  -5952.85970    371.34392
DYNA>    19050     15.52500  -3824.11577   2090.13852  -5914.25429    371.85984
DYNA>    19100     15.55000  -3805.75582   2063.41445  -5869.17026    367.10531
DYNA>    19150     15.57500  -3786.69398   2080.52972  -5867.22370    370.15032
DYNA>    19200     15.60000  -3778.31382   2134.42607  -5912.73988    379.73910
DYNA>    19250     15.62500  -3832.87653   2059.43533  -5892.31186    366.39738
DYNA>    19300     15.65000  -3850.13717   2128.62219  -5978.75936    378.70653
DYNA>    19350     15.67500  -3853.93636   2118.29680  -5972.23316    376.86952
DYNA>    19400     15.70000  -3923.49646   2033.24951  -5956.74597    361.73862
DYNA>    19450     15.72500  -3855.52996   2097.59089  -5953.12085    373.18570
DYNA>    19500     15.75000  -3867.17421   2060.90675  -5928.08096    366.65917
DYNA>    19550     15.77500  -3878.45763   2057.56613  -5936.02376    366.06483
DYNA>    19600     15.80000  -3910.30698   2107.90002  -6018.20700    375.01981
DYNA>    19650     15.82500  -3881.59917   2094.34024  -5975.93941    372.60737
DYNA>    19700     15.85000  -3884.48008   2044.61462  -5929.09470    363.76061
DYNA>    19750     15.87500  -3908.87016   2047.33761  -5956.20777    364.24506
DYNA>    19800     15.90000  -3875.27037   2118.67244  -5993.94281    376.93635
DYNA>    19850     15.92500  -3876.46117   2084.44053  -5960.90170    370.84610
DYNA>    19900     15.95000  -3887.30022   2107.34612  -5994.64634    374.92127
DYNA>    19950     15.97500  -3903.53853   2031.26442  -5934.80294    361.38545
DYNA>    20000     16.00000  -3935.58023   2091.06212  -6026.64235    372.02416
